51 16 1
55 26 2
57 47 1
57 115 1
58 17 2
58 30 2
59 19 1
59 29 1
59 97 1
60 71 1
60 26 1
60 16 1
60 22 1
60 97 6
61 9 1
62 90 5
62 10 1
63 108 1
63 75 1
63 1 1
64 97 4
64 28 1
64 26 1
64 40 1
64 112 2
64 11 1
65 26 1
65 1 6
65 101 3
65 62 1
65 114 3
65 90 1
65 28 2
66 13 1
66 71 1
66 100 1
67 96 1
67 59 1
67 77 3
67 1 4
67 19 2
67 44 1
67 97 1
67 101 1
68 17 2
68 97 1
69 77 2
69 97 8
69 31 1
69 28 5
69 40 1
69 15 9
69 104 5
70 101 1
71 101 3
71 11 3
71 27 7
71 78 4
71 43 2
71 98 1
71 73 3
71 69 1
71 84 1
71 77 5
71 90 2
72 26 3
72 28 2
72 14 4
72 101 1
72 62 1
72 97 1
72 82 2
73 56 1
73 18 5
73 88 1
73 100 2
73 51 1
73 47 1
73 76 4
73 9 6
74 89 1
74 71 5
74 84 1
74 9 1
74 107 1
74 113 1
75 101 2
75 74 2
75 88 1
75 18 4
75 13 2
75 110 1
75 70 1
75 44 1
76 24 1
77 9 1
78 26 3
78 40 3
78 24 1
78 100 3
78 16 5
78 115 2
78 84 1
78 54 1
78 50 2
78 44 1
79 20 5
79 102 3
79 1 7
79 26 9
79 98 1
79 82 1
79 114 3
79 32 2
79 95 1
79 97 3
79 107 4
80 28 4
80 75 1
80 13 1
80 90 2
82 47 1
82 107 2
82 115 5
82 12 7
82 43 1
82 20 4
82 89 3
82 49 1
82 29 2
83 29 3
83 98 1
83 75 3
83 28 1
83 14 2
84 106 2
84 46 1
84 13 1
84 33 1
84 54 1
85 24 1
85 13 2
86 76 1
86 28 1
88 26 1
89 39 1
89 95 1
91 75 2
92 3 1
92 88 1
93 24 1
94 78 1
94 109 1
95 1 1
95 17 2
96 77 2
96 62 1
96 48 1
96 13 1
98 112 1
99 100 1
102 33 1
102 45 1
103 20 1
105 106 1
106 103 1
106 115 1
106 37 3
110 40 1
110 87 1
123 50 1
123 112 1
125 102 1
129 113 1
129 18 2
135 46 1
139 102 7
140 102 1
156 100 1
