1 3487
10 17470
100 34521
101 27361
102 52401
103 12707
104 3451
105 2490
106 33790
107 27339
108 4207
109 18730
11 73333
110 42573
111 15053
112 24921
113 20948
114 41419
115 16965
116 14769
117 2434
12 52276
13 102966
14 42245
15 24654
16 51221
17 48715
18 59663
19 91757
2 878
20 36087
21 46753
22 99457
23 38408
24 70446
25 29265
26 111159
27 143413
28 311114
29 149151
3 168
30 120381
31 65631
32 89835
33 47149
34 96460
35 30875
36 48766
37 45728
38 77410
39 85399
40 107084
41 58667
42 146891
43 76524
44 84511
45 94066
46 129172
47 93419
48 149827
49 37441
50 102492
51 75779
52 20637
53 65819
54 103075
55 85554
56 40191
57 143372
58 90816
59 59222
60 7277
61 14077
62 57657
63 1698
64 5591
65 66131
66 81327
67 166538
68 45737
69 168096
70 103082
71 230959
72 87603
73 152814
74 143897
75 140165
76 32717
77 41808
78 34098
79 97552
80 73496
81 70664
82 177454
83 18932
84 183724
85 225906
86 77925
87 50954
88 30887
89 16858
9 100329
90 38171
91 5843
92 14272
93 13782
94 28046
95 26046
96 46478
97 26048
98 82361
99 19533
